100.0  1980.39473575506  1063.25859116412  1768.81918766606
100.0  1969.1545339055 998.107754437767  1926.14954709551
100.0  1976.2803962834 1215.02310913064  1972.93528169293
100.0  2079.27626258643  816.525063039289  1700.99088719529
100.0  2514.72340399617  1261.81553306702  1373.22422471532
100.0  2625.2267419571 1264.9300222902 1596.60981160551
100.0  2750.37706809722  778.081294446751  1503.82663330349
100.0  2738.77812377068  1009.26836779585  1566.3544273766
100.0  2732.36459673341  1017.44964778602  1237.579252089
100.0  2529.99038484605  662.905519287374  1106.97684350083
100.0  2426.86493069009  649.071251083003  1045.45756223536
100.0  2225.61498954911  1081.26731564833  1074.70443365665
100.0  2091.62642194641  1090.66675982237  1419.11155746252
100.0  2073.27239994031  992.642153307824  1469.53719784405
100.0  2350.66595852068  617.619650036231  1146.30884299843
100.0  2514.72163714527  683.849698134349  1132.69392009541
100.0  2594.06009327362  721.802831095466  1103.44704867412
100.0  2589.58408025948  725.411292706696  1508.36494093784
100.0  2656.53550669869  804.935965804275  1043.94479302392
100.0  2595.61608969306  759.18900112653 1794.605094112
100.0  2105.48123008659  1317.38057109788  1684.47024859364
100.0  2652.29674282655  1075.11387227748  1099.40122959986
100.0  2490.96049931003  1213.02216894911  1284.94047391111
100.0  2326.26045519438  1244.43586858539  1373.34046403734
100.0  2432.43590793106  656.508974837423  1461.16283045037
100.0  2599.55879145348  1316.86675524558  1737.48632132958
100.0  2623.4401875602 1293.89825626087  2027.00291133432
100.0  2449.32396051679  1322.43203462933  1493.43363890551
100.0  1985.64607135976  1276.87584732563  1799.83851509775
100.0  2190.18257898428  686.040345180466  1780.4700649828
120.0  570 912 1267
120.0  559 862 1242
120.0  561 1083  1234
120.0  558 968 1244
120.0  404 1160  1590
120.0  564 978 1770
120.0  556 1131  1268
120.0  558 1249  1593
120.0  540 1351  1735
120.0  557 1075  1325
120.0  549 887 1091
120.0  480 1582  1864
120.0  506 1478  1751
120.0  399 1254  1808
120.0  428 1247  1381
120.0  402 1037  1255
120.0  495 552 1466
120.0  420 1249  1664
120.0  553 1066  1765
120.0  530 851 1027
120.0  567 983 1721
120.0  531 1096  1162
120.0  536 957 1960
120.0  420 1495  1821
120.0  513 1078  1084
120.0  509 625 1138
120.0  515 722 1979
120.0  402 1443  1859
120.0  391 1391  2013
120.0  525 1207  1298
120.0  529 720 1180
120.0  537 814 1083
120.0  490 1574  2032
120.0  434 833 954
120.0  481 694 956
120.0  408 803 1885
120.0  535 926 1955
240 631 819 1164
240 593 219 1577
240 613 1273  1215
240 608 1525  1980
240 593 362 1307
240 622 1213  1323
240 646 554 1641
240 320 1189  1456
240 298 742 1563
240 629 1373  1735
240 546 1301  927
240 554 262 1286
240 630 1232  1421
240 295 865 1766
240 392 540 1170
240 317 1397  1999
240 626 479 1724
240 654 987 1571
240 332 1540  1693
240 299 1206  1735
240 604 364 1506
240 428 979 889
240 336 1333  1515
240 638 575 1879
240 636 1047  1317
240 615 1487  1955
240 556 296 1246
240 601 1566  1901
240 630 1150  1323
240 601 1645  1997
240 402 990 1087
240 540 932 878
240 639 820 1341
240 587 947 1001
240 518 1389  1056
240 658 735 1624
240 630 529 1401
240 652 1152  1902
240 492 1454  1050
240 515 1349  992
240 404 1716  1595
240 293 962 1720
240 548 1016  916
240 359 1380  1291
240 501 1760  1544
240 550 952 828
240 608 470 1985
240 354 368 1377
240 374 1650  1503
240 332 1179  1325
240 322 599 1986
240 600 352 1672
240 626 508 1662
240 505 129 1560
240 595 645 1074
240 646 614 1533
240 527 160 1874
240 348 327 1714
240 557 1145  958
240 570 1538  1265
240 644 785 1633
240 348 1375  1534
240 644 755 1729
240 618 527 1328
240 374 1193  1102
240 339 1245  1271
240 481 132 1776
240 612 801 1121
240 315 782 1515
240 317 1148  1413
240 321 1177  1390
240 392 369 1268
240 620 1104  1250
240 326 704 1783
250 1393.21259371023  860.157882802752  1847.64226149617
250 1416.09932953584  1096.40805906708  1901.53683295647
250 1418.31417493832  1016.67362457787  1614.34521243514
250 1431.60324735318  1085.33383205469  1597.36473101614
250 1435.29465635731  1320.84572651819  1805.56019884908
250 1896.20159948021  1459.56172149503  1063.55870023467
250 2379.32965997568  1889.4403057476 1561.66317592346
250 2465.86005887039  1846.72978834444  1602.70964719402
250 2922.36338124441  1417.96056818027  1190.58088835575
250 2987.26118041545  1435.71039359457  1287.09556404601
250 3011.66719036011  1603.77905298622  1518.3979764761
250 3114.28336853653  1263.75895989354  1258.80677979196
250 3118.16614284591  1520.57674635669  1982.11216542468
250 3166.42348069103  1461.22576762762  1898.35517675095
250 3159.76729616067  1177.78324304302  1267.12701045492
250 3258.50070002771  1261.54023171675  2035.36164166757
250 3292.89098676792  1129.5259051979 1828.46523918214
250 3301.21121743087  1039.667414038  1875.05853089468
250 3316.74231466838  1104.56521320904  1840.66824415447
250 3352.24196549698  923.738866800859  1571.0927706748
250 3275.14116135362  644.733798569836  1541.13994028816
250 3256.28197185093  539.344210172431  1616.57669829894
250 3150.33770140932  917.637364314693  1134.55800189186
250 3012.2218724043 265.885962383376  1852.8712491268
250 2673.31114340002  346.869540836118  1092.4021665329
250 1994.38032130306  176.58215326768 1780.20790133701
250 1681.53964837602  717.397146359622  1247.15845686382
250 1681.53964837603  273.651511002131  1541.13994028816
250 1559.50959865272  437.837396084402  1680.36513338158
250 1559.50959865272  416.204796360724  1637.09993393422
250 1538.43168097323  689.108362105582  1503.42156128277
250 1512.91630694018  668.0304444261  1943.28442233089
250 1477.97133815578  854.403611276247  1365.86041432195
250 2594.54629312407  843.309970392311  873.857441119332
250 2641.6942668808 957.574471496865  871.638712942545
250 2696.05310721209  1131.74463337468  849.45143117467
250 2699.38119947727  1035.78463972862  893.825994710419
250 2699.38119947727  1104.01053116484  895.490040843009
250 2919.58997102343  1303.14138503151  1110.70667399139
250 2969.51135500115  1056.30787536391  1033.60586984803
250 3311.75017627061  1019.69886044691  1533.3743916694
250 3168.84342107253  1327.77507466111  1332.59234456972
250 3215.15781995818  1296.38825774536  1364.39516303298
250 3067.5414116021 1564.08975125709  1788.56279710398
250 2767.37576387762  1527.79891598232  1143.33982246013
250 2812.07544474995  1538.83669114434  1184.84584210713
250 3174.24625700886  1397.19040160588  1502.50167367218
250 3125.235680633  384.184238535039  1809.37331225672
250 2978.37127209023  223.891520613777  1817.2677441718
250 2381.37139213546  497.104993645743  952.982000882114
250 2490.99381319898  465.062364410176  944.902626653999
250 1566.03582319537  1379.4915263314 1468.30473825998
250 2808.23949115229  1761.46921302082  1657.98758947233
250 2990.14331899959  1267.33082490749  1120.74425597693
250 3257.21810434538  575.888250967069  1498.79832488011
250 3037.56552267551  864.4867454399  978.950672508628
250 3171.18233984001  906.0469085195  1093.79477286599
250 3215.78946221356  1286.13786701704  1574.46169604602
250 2989.46779195224  341.61932302101 1957.36498166101
250 2066.66722378483  1393.85703757066  898.559325575834
250 1747.23666652948  637.238143984796  1233.29658735257
250 1523.36840531815  607.23403568276 1427.66471461955
250 1712.04238943145  1118.79047193887  1225.14538649468
250 1973.69519421254  1004.14236534157  1069.02816007003
250 1490.20808769806  890.489662858117  1538.59217644572
250 1490.6277730839 837.507133016967  1548.82247602527
250 1859.85610808251  583.902735283107  1288.31788616118
250 1767.6335827329 1493.92033272209  1477.59166633666
360 765 852 2022
360 245 1399  1290
360 412 754 911
360 763 930 1688
360 761 934 1651
360 185 948 1842
360 278 1788  1448
360 755 724 1823
360 199 1591  1812
360 523 531 887
360 231 1569  1620
360 226 1541  1628
360 687 1766  1470
360 692 351 1724
360 738 790 1593
360 744 809 1604
360 194 1511  1979
360 699 953 1264
360 204 1412  1636
360 226 1456  1712
360 250 207 1966
360 754 902 1611
360 452 545 945
360 435 547 968
360 205 1058  1690
360 432 509 992
360 419 518 1037
360 712 725 1489
360 749 1220  1669
360 679 488 1595
360 231 484 1803
360 628 65  1822
360 755 1172  1647
360 246 189 2069
360 732 577 2088
360 634 1641  1167
360 687 314 1863
360 236 479 1740
360 226 510 1883
360 595 1053  1017
360 748 1576  2135
360 325 1530  1087
360 210 1414  1724
360 682 554 1484
360 369 945 1111
360 228 1854  2067
360 301 252 1503
360 298 368 1371
360 358 1029  1122
360 463 1616  959
360 709 1005  1346
360 707 1655  1582
360 291 59  1997
360 332 255 1352
400 4055.26926124101  1008.20184881635  1988.71757458106
400 3888.11702948878  820.353227728642  1935.21294459783
400 3869.32440183139  688.804834126914  2000.31597612522
400 3861.94158382313  801.560600071253  2056.02269382391
400 3849.18944362705  679.408520298219  1968.10004299826
400 3841.13546034531  708.268627057782  1828.4976661148
400 3658.3851806461 1777.3270207643 1651.4024980645
400 3619.87832799111  1379.88129157531  1536.79876992465
400 3495.18947177495  1866.71792871338  1450.61676636349
400 3478.22812001026  1403.26045211583  1211.78259692005
400 3454.84895946973  1299.20026696485  1225.07662938427
400 3407.63222347611  1436.26632582011  1158.1480521506
400 3389.75404188629  1413.21008809976  1356.28942984862
400 3152.29511718053  1648.37693824273  1144.04332533362
400 3133.95852067815  1338.94687226514  1004.68519191557
400 2589.82001947015  1488.3901337595 875.412186573817
400 1618.89723466936  1321.98552050044  997.350553314616
400 1555.17756182361  1390.28934247179  1042.27521474544
400 1489.62422932761  1593.82556364816  1116.99684549262
400 1371.35318188729  1419.16948196303  1146.33539989642
400 1063.29836064738  1839.53595677999  1808.28653363218
400 914.771928978135  1602.99386189935  1834.87459856063
400 870.764097372433  1381.1210442206 1683.59767741603
400 1156.35658789693  1236.72034676439  1332.91026930809
400 1650.0694487234 1173.91750374376  924.920997130232
400 2068.14384897757  765.011401740779  879.079505874293
400 2658.58225635406  683.871962217766  887.330974300362
400 3443.8470015683 923.164546573769  1290.27768244007
400 3573.57842182261  814.978627209753  1469.05949833823
400 3855.9620079592 1058.85536069135  1824.78947048432
400 3746.85925877006  544.055413887152  2094.7958539818
400 3711.56131050299  413.865578720284  2014.11482937135
400 3398.46392522492  105.810757480373  2025.11678727277
400 3299.4463041121 117.271130294357  1852.75278015044
400 3189.42672509784  616.026555158976  1283.40145875168
400 3189.42672509784  222.248145270458  1480.06145623966
400 3183.46733123457  57.6771916616364  1788.57469239213
400 3126.6238820772 444.120962949204  1218.30654116824
400 3066.57152853192  155.319568036787  1555.69991681196
400 2905.66789422358  285.509403203655  1272.39950085025
400 2842.86505120294  81.9731820272843  1499.77329747971
400 2753.93255816642  506.465391057282  1043.19204457056
400 2686.54556602019  433.577419960338  1082.61572705066
400 2665.45848004246  226.373879483493  1233.4342332827
400 1632.64968204615  358.397374300598  1204.0956788789
400 1440.57383368376  137.441386446971  1675.80462390252
400 872.597757022673  500.964412106569  2090.21170485621
400 1162.48808429722  458.092136474239  1626.30904232411
400 951.98986873266 410.937737786778  2014.54700677356
400 1777.54466400803  913.80269236583 927.306095417709
400 3871.88129659015  1671.57239114646  2099.9196215155
400 3906.32914520238  1045.35388372406  1663.65846608168
400 2580.64567097708  644.149431221736  812.694512709014
400 1985.07158484091  580.319340411953  952.532184846526
400 1944.33800739871  583.023467799404  990.03777517328
400 904.525887949671  1795.81786715076  1853.0554311602
400 2875.932403372  551.138195568614  1064.27402039526
400 2122.60304431871  1656.77134246793  923.285985243079
400 2499.79017048964  344.304848487654  973.875159822221
