100	396.07894715101	1063.25859116412 1768.81918766605
100	393.83090678110	998.10775443777	1926.14954709551
100	395.25607925668	1215.02310913064 1972.93528169293
100	415.85525251729	816.52506303929	1700.99088719529
100	502.94468079924	1261.81553306702 1373.22422471532
100	525.04534839142	1264.93002229020 1596.60981160551
100	550.07541361944	778.08129444675	1503.82663330349
100	547.75562475414	1009.26836779585 1566.35442737660
100	546.47291934668	1017.44964778602 1237.57925208900
100	505.99807696921	662.90551928737	1106.97684350083
100	485.37298613802	649.07125108300	1045.45756223536
100	445.12299790982	1081.26731564833 1074.70443365665
100	418.32528438928	1090.66675982237 1419.11155746252
100	414.65447998806	992.64215330782	1469.53719784405
100	470.13319170414	617.61965003623	1146.30884299843
100	502.94432742906	683.84969813435	1132.69392009541
100	518.81201865473	721.80283109547	1103.44704867412
100	517.91681605190	725.41129270670	1508.36494093784
100	531.30710133974	804.93596580428	1043.94479302392
100	519.12321793861	759.18900112653	1794.60509411200
100	421.09624601732	1317.38057109788 1684.47024859364
100	530.45934856531	1075.11387227748 1099.40122959986
100	498.19209986201	1213.02216894910 1284.94047391111
100	465.25209103888	1244.43586858539 1373.34046403734
100	486.48718158621	656.50897483742	1461.16283045037
100	519.91175829070	1316.86675524558 1737.48632132958
100	524.68803751204	1293.89825626087 2027.00291133432
100	489.86479210336	1322.43203462933 1493.43363890551
100	397.12921427195	1276.87584732563 1799.83851509775
100	438.03651579686	686.04034518047	1780.47006498280
120.0  570 912 1267
120.0  559 862 1242
120.0  561 1083  1234
120.0  558 968 1244
120.0  404 1160  1590
120.0  564 978 1770
120.0  556 1131  1268
120.0  558 1249  1593
120.0  540 1351  1735
120.0  557 1075  1325
120.0  549 887 1091
120.0  480 1582  1864
120.0  506 1478  1751
120.0  399 1254  1808
120.0  428 1247  1381
120.0  402 1037  1255
120.0  495 552 1466
120.0  420 1249  1664
120.0  553 1066  1765
120.0  530 851 1027
120.0  567 983 1721
120.0  531 1096  1162
120.0  536 957 1960
120.0  420 1495  1821
120.0  513 1078  1084
120.0  509 625 1138
120.0  515 722 1979
120.0  402 1443  1859
120.0  391 1391  2013
120.0  525 1207  1298
120.0  529 720 1180
120.0  537 814 1083
120.0  490 1574  2032
120.0  434 833 954
120.0  481 694 956
120.0  408 803 1885
120.0  535 926 1955
240 631 819 1164
240 593 219 1577
240 613 1273  1215
240 608 1525  1980
240 593 362 1307
240 622 1213  1323
240 646 554 1641
240 320 1189  1456
240 298 742 1563
240 629 1373  1735
240 546 1301  927
240 554 262 1286
240 630 1232  1421
240 295 865 1766
240 392 540 1170
240 317 1397  1999
240 626 479 1724
240 654 987 1571
240 332 1540  1693
240 299 1206  1735
240 604 364 1506
240 428 979 889
240 336 1333  1515
240 638 575 1879
240 636 1047  1317
240 615 1487  1955
240 556 296 1246
240 601 1566  1901
240 630 1150  1323
240 601 1645  1997
240 402 990 1087
240 540 932 878
240 639 820 1341
240 587 947 1001
240 518 1389  1056
240 658 735 1624
240 630 529 1401
240 652 1152  1902
240 492 1454  1050
240 515 1349  992
240 404 1716  1595
240 293 962 1720
240 548 1016  916
240 359 1380  1291
240 501 1760  1544
240 550 952 828
240 608 470 1985
240 354 368 1377
240 374 1650  1503
240 332 1179  1325
240 322 599 1986
240 600 352 1672
240 626 508 1662
240 505 129 1560
240 595 645 1074
240 646 614 1533
240 527 160 1874
240 348 327 1714
240 557 1145  958
240 570 1538  1265
240 644 785 1633
240 348 1375  1534
240 644 755 1729
240 618 527 1328
240 374 1193  1102
240 339 1245  1271
240 481 132 1776
240 612 801 1121
240 315 782 1515
240 317 1148  1413
240 321 1177  1390
240 392 369 1268
240 620 1104  1250
240 326 704 1783
250	278.64251874205	860.15788280275	1847.64226149617
250	283.21986590717	1096.40805906708 1901.53683295647
250	283.66283498766	1016.67362457787 1614.34521243514
250	286.32064947064	1085.33383205469 1597.36473101614
250	287.05893127146	1320.84572651819 1805.56019884908
250	379.24031989604	1459.56172149503 1063.55870023467
250	475.86593199514	1889.44030574760 1561.66317592346
250	493.17201177408	1846.72978834444 1602.70964719402
250	584.47267624888	1417.96056818027 1190.58088835575
250	597.45223608309	1435.71039359457 1287.09556404601
250	602.33343807202	1603.77905298622 1518.39797647610
250	622.85667370731	1263.75895989354 1258.80677979196
250	623.63322856918	1520.57674635669 1982.11216542467
250	633.28469613821	1461.22576762762 1898.35517675095
250	631.95345923213	1177.78324304302 1267.12701045492
250	651.70014000554	1261.54023171675 2035.36164166757
250	658.57819735358	1129.52590519790 1828.46523918214
250	660.24224348618	1039.66741403800 1875.05853089468
250	663.34846293368	1104.56521320904 1840.66824415447
250	670.44839309940	923.73886680086	1571.09277067480
250	655.02823227072	644.73379856984	1541.13994028816
250	651.25639437019	539.34421017243	1616.57669829894
250	630.06754028187	917.63736431469	1134.55800189186
250	602.44437448086	265.88596238338	1852.87124912680
250	534.66222868000	346.86954083612	1092.40216653290
250	398.87606426061	176.58215326768	1780.20790133701
250	336.30792967521	717.39714635962	1247.15845686382
250	336.30792967521	273.65151100213	1541.13994028816
250	311.90191973054	437.83739608440	1680.36513338158
250	311.90191973054	416.20479636072	1637.09993393422
250	307.68633619465	689.10836210558	1503.42156128277
250	302.58326138804	668.03044442610	1943.28442233089
250	295.59426763116	854.40361127625	1365.86041432195
250	518.90925862481	843.30997039231	873.85744111933
250	528.33885337616	957.57447149687	871.63871294255
250	539.21062144242	1131.74463337468 849.45143117467
250	539.87623989546	1035.78463972862 893.82599471042
250	539.87623989546	1104.01053116484 895.49004084301
250	583.91799420469	1303.14138503151 1110.70667399139
250	593.90227100023	1056.30787536391 1033.60586984803
250	662.35003525412	1019.69886044691 1533.37439166940
250	633.76868421451	1327.77507466111 1332.59234456972
250	643.03156399164	1296.38825774536 1364.39516303298
250	613.50828232042	1564.08975125709 1788.56279710398
250	553.47515277553	1527.79891598232 1143.33982246013
250	562.41508894999	1538.83669114434 1184.84584210713
250	634.84925140177	1397.19040160588 1502.50167367218
250	625.04713612660	384.18423853504	1809.37331225672
250	595.67425441805	223.89152061378	1817.26774417180
250	476.27427842709	497.10499364574	952.98200088211
250	498.19876263980	465.06236441018	944.90262665400
250	313.20716463907	1379.49152633140 1468.30473825998
250	561.64789823046	1761.46921302082 1657.98758947233
250	598.02866379992	1267.33082490749 1120.74425597693
250	651.44362086908	575.88825096707	1498.79832488011
250	607.51310453510	864.48674543990	978.95067250863
250	634.23646796800	906.04690851950	1093.79477286599
250	643.15789244271	1286.13786701704 1574.46169604602
250	597.89355839045	341.61932302101	1957.36498166101
250	413.33344475697	1393.85703757066 898.55932557583
250	349.44733330590	637.23814398480	1233.29658735257
250	304.67368106363	607.23403568276	1427.66471461955
250	342.40847788629	1118.79047193887 1225.14538649468
250	394.73903884251	1004.14236534157 1069.02816007003
250	298.04161753961	890.48966285812	1538.59217644572
250	298.12555461678	837.50713301697	1548.82247602527
250	371.97122161650	583.90273528311	1288.31788616118
250	353.52671654658	1493.92033272209 1477.59166633666
360 765 852 2022
360 245 1399  1290
360 412 754 911
360 763 930 1688
360 761 934 1651
360 185 948 1842
360 278 1788  1448
360 755 724 1823
360 199 1591  1812
360 523 531 887
360 231 1569  1620
360 226 1541  1628
360 687 1766  1470
360 692 351 1724
360 738 790 1593
360 744 809 1604
360 194 1511  1979
360 699 953 1264
360 204 1412  1636
360 226 1456  1712
360 250 207 1966
360 754 902 1611
360 452 545 945
360 435 547 968
360 205 1058  1690
360 432 509 992
360 419 518 1037
360 712 725 1489
360 749 1220  1669
360 679 488 1595
360 231 484 1803
360 628 65  1822
360 755 1172  1647
360 246 189 2069
360 732 577 2088
360 634 1641  1167
360 687 314 1863
360 236 479 1740
360 226 510 1883
360 595 1053  1017
360 748 1576  2135
360 325 1530  1087
360 210 1414  1724
360 682 554 1484
360 369 945 1111
360 228 1854  2067
360 301 252 1503
360 298 368 1371
360 358 1029  1122
360 463 1616  959
360 709 1005  1346
360 707 1655  1582
360 291 59  1997
360 332 255 1352
400	811.0538522	1008.201849	1988.717575
400	777.6234059	820.3532277	1935.212945
400	773.8648804	688.8048341	2000.315976
400	772.3883168	801.5606001	2056.022694
400	769.8378887	679.4085203	1968.100043
400	768.2270921	708.2686271	1828.497666
400	731.6770361	1777.327021	1651.402498
400	723.9756656	1379.881292	1536.79877
400	699.0378944	1866.717929	1450.616766
400	695.645624	1403.260452	1211.782597
400	690.9697919	1299.200267	1225.076629
400	681.5264447	1436.266326	1158.148052
400	677.9508084	1413.210088	1356.28943
400	630.4590234	1648.376938	1144.043325
400	626.7917041	1338.946872	1004.685192
400	517.9640039	1488.390134	875.4121866
400	323.7794469	1321.985521	997.3505533
400	311.0355124	1390.289342	1042.275215
400	297.9248459	1593.825564	1116.996845
400	274.2706364	1419.169482	1146.3354
400	212.6596721	1839.535957	1808.286534
400	182.9543858	1602.993862	1834.874599
400	174.1528195	1381.121044	1683.597677
400	231.2713176	1236.720347	1332.910269
400	330.0138897	1173.917504	924.9209971
400	413.6287698	765.0114017	879.0795059
400	531.7164513	683.8719622	887.3309743
400	688.7694003	923.1645466	1290.277682
400	714.7156844	814.9786272	1469.059498
400	771.1924016	1058.855361	1824.78947
400	749.3718518	544.0554139	2094.795854
400	742.3122621	413.8655787	2014.114829
400	679.692785	105.8107575	2025.116787
400	659.8892608	117.2711303	1852.75278
400	637.885345	616.0265552	1283.401459
400	637.885345	222.2481453	1480.061456
400	636.6934662	57.67719166	1788.574692
400	625.3247764	444.1209629	1218.306541
400	613.3143057	155.319568	1555.699917
400	581.1335788	285.5094032	1272.399501
400	568.5730102	81.97318203	1499.773297
400	550.7865116	506.4653911	1043.192045
400	537.3091132	433.57742	1082.615727
400	533.091696	226.3738795	1233.434233
400	326.5299364	358.3973743	1204.095679
400	288.1147667	137.4413864	1675.804624
400	174.5195514	500.9644121	2090.211705
400	232.4976169	458.0921365	1626.309042
400	190.3979737	410.9377378	2014.547007
400	355.5089328	913.8026924	927.3060954
400	774.3762593	1671.572391	2099.919622
400	781.265829	1045.353884	1663.658466
400	516.1291342	644.1494312	812.6945127
400	397.014317	580.3193404	952.5321848
400	388.8676015	583.0234678	990.0377752
400	180.9051776	1795.817867	1853.055431
400	575.1864807	551.1381956	1064.27402
400	424.5206089	1656.771342	923.2859852
400	499.9580341	344.3048485	973.8751598