631 819 1164
593 219 1577
613 1273  1215
608 1525  1980
593 362 1307
622 1213  1323
646 554 1641
320 1189  1456
298 742 1563
629 1373  1735
546 1301  927
554 262 1286
630 1232  1421
295 865 1766
392 540 1170
317 1397  1999
626 479 1724
654 987 1571
332 1540  1693
299 1206  1735
604 364 1506
428 979 889
336 1333  1515
638 575 1879
636 1047  1317
615 1487  1955
556 296 1246
601 1566  1901
630 1150  1323
601 1645  1997
402 990 1087
540 932 878
639 820 1341
587 947 1001
518 1389  1056
658 735 1624
630 529 1401
652 1152  1902
492 1454  1050
515 1349  992
404 1716  1595
293 962 1720
548 1016  916
359 1380  1291
501 1760  1544
550 952 828
608 470 1985
354 368 1377
374 1650  1503
332 1179  1325
322 599 1986
600 352 1672
626 508 1662
505 129 1560
595 645 1074
646 614 1533
527 160 1874
348 327 1714
557 1145  958
570 1538  1265
644 785 1633
348 1375  1534
644 755 1729
618 527 1328
374 1193  1102
339 1245  1271
481 132 1776
612 801 1121
315 782 1515
317 1148  1413
321 1177  1390
392 369 1268
620 1104  1250
326 704 1783
