570 912 1267
559 862 1242
561 1083  1234
558 968 1244
404 1160  1590
564 978 1770
556 1131  1268
558 1249  1593
540 1351  1735
557 1075  1325
549 887 1091
480 1582  1864
506 1478  1751
399 1254  1808
428 1247  1381
402 1037  1255
495 552 1466
420 1249  1664
553 1066  1765
530 851 1027
567 983 1721
531 1096  1162
536 957 1960
420 1495  1821
513 1078  1084
509 625 1138
515 722 1979
402 1443  1859
391 1391  2013
525 1207  1298
529 720 1180
537 814 1083
490 1574  2032
434 833 954
481 694 956
408 803 1885
535 926 1955
