185 947 1841
189 613 2085
193 1510 1978
199 1590 1811
203 1411 1635
204 1057 1690
205 775 1711
218 837 2002
225 510 1882
226 1456 1711
226 1541 1627
230 484 1803
231 1569 1619
231 344 1871
235 478 1739
236 523 1968
244 1398 1289
246 188 2069
250 206 1965
251 727 1640
255 865 1578
267 549 1586
278 1788 1448
288 57 1995
303 83 1821
314 131 1667
330 250 1348
349 183 1402
354 780 1450
363 960 1384
368 943 1113
371 920 1123
411 753 910
418 518 1037
425 379 1145
431 508 991
433 664 1010
434 547 967
440 832 886
451 544 945
502 794 832
518 747 936
523 531 887
553 231 1361
575 475 1179
579 242 1418
583 658 1193
586 213 1364
588 1082 1024
594 1053 1016
601 996 1020
602 321 1358
627 64 1821
630 1121 1115
634 1640 1167
635 740 1146
643 282 1785
668 1095 1224
678 488 1594
687 1766 1469
687 314 1863
691 828 1286
692 350 1723
698 953 1264
710 999 1340
711 725 1488
721 691 1656
728 936 1618
729 1138 1468
729 534 1947
731 577 2087
735 931 1812
737 789 1592
742 973 1805
743 808 1604
748 1107 1930
748 1219 1669
753 902 1610
754 723 1823
755 1172 1647
761 934 1650
762 930 1687
764 851 2022
