1980.39473575506  1063.25859116412  1768.81918766606
1969.1545339055 998.107754437767  1926.14954709551
1976.2803962834 1215.02310913064  1972.93528169293
2079.27626258643  816.525063039289  1700.99088719529
2514.72340399617  1261.81553306702  1373.22422471532
2625.2267419571 1264.9300222902 1596.60981160551
2750.37706809722  778.081294446751  1503.82663330349
2738.77812377068  1009.26836779585  1566.3544273766
2732.36459673341  1017.44964778602  1237.579252089
2529.99038484605  662.905519287374  1106.97684350083
2426.86493069009  649.071251083003  1045.45756223536
2225.61498954911  1081.26731564833  1074.70443365665
2091.62642194641  1090.66675982237  1419.11155746252
2073.27239994031  992.642153307824  1469.53719784405
2350.66595852068  617.619650036231  1146.30884299843
2514.72163714527  683.849698134349  1132.69392009541
2594.06009327362  721.802831095466  1103.44704867412
2589.58408025948  725.411292706696  1508.36494093784
2656.53550669869  804.935965804275  1043.94479302392
2595.61608969306  759.18900112653 1794.605094112
2105.48123008659  1317.38057109788  1684.47024859364
2652.29674282655  1075.11387227748  1099.40122959986
2490.96049931003  1213.02216894911  1284.94047391111
2326.26045519438  1244.43586858539  1373.34046403734
2432.43590793106  656.508974837423  1461.16283045037
2599.55879145348  1316.86675524558  1737.48632132958
2623.4401875602 1293.89825626087  2027.00291133432
2449.32396051679  1322.43203462933  1493.43363890551
1985.64607135976  1276.87584732563  1799.83851509775
2190.18257898428  686.040345180466  1780.4700649828
