212	453.1877425181	967.2970364721	849.3819445586
212	423.5880479996	860.0198880421	896.2042021785
212	524.25981418	754.5892686072	855.4780061164
212	514.6084761195	1024.3858042295	834.7005881303
212	429.1179761519	485.8379525153	1044.2867475148
212	397.545921523	856.4080565497	1021.5009374022
212	543.0885032142	1015.4728779915	878.5844563213
212	570.4008906392	1061.8828221321	1041.0916582055
212	594.3958400633	835.7803448757	1107.0784460574
212	558.7266726072	414.4656837535	1246.9942451099
212	379.2070492042	966.6572761727	1058.8954017405
212	559.6345185451	1389.3624536301	1128.4583450782
212	594.7357728718	1141.002099065	1238.365433359
212	385.8420351438	512.5926426785	1237.2642878276
212	388.9357315693	1318.7295871172	1067.1924052722
212	356.8216139195	746.791388692	1246.1605040163
212	629.046649582	870.5003357445	1432.0249665109
212	538.3894250619	1441.8976643104	1225.0374767162
213	455.4418299862	517.057043957	982.0417135887
213	442.546406173	1440.5862812513	992.3593925509
213	431.1171804	429.5912368359	1166.4305548628
213	423.8024483101	1471.1155977561	1083.2811980053
213	376.8541499186	1472.1798509726	1728.6785356839
213	422.2491855146	279.9423761503	1286.3540603849
213	403.8787265389	252.7597463033	1431.8915748227
213	425.9571116689	1246.9504926918	921.591521089
213	381.278124832	1409.2701611814	1540.7590615787
213	406.5450838889	1385.9093296832	1034.0297921634
213	407.4985497995	531.7826125303	1175.4670595157
213	376.9176883411	331.2265654456	1655.9200869588
213	349.9073900151	1288.8614229441	1801.9068644741
213	397.6616164044	1392.6680450413	1089.7093151934
213	406.6412173804	519.1444973761	1118.144516416
213	386.6135170646	426.7545055965	1385.1776724969
213	390.5162044361	399.8912348392	1333.3997786626
213	365.9123163909	1391.3873287085	1510.360260911
213	359.9503028493	1330.3050916693	1608.025227783
213	402.4816276531	1184.8463398225	998.9566030296
213	395.3437294398	572.105861834	1191.4642134155
213	378.5193207487	396.9227180907	1400.0165033021
213	348.4999091045	1283.548015889	1674.6684343076
213	328.2603566625	1097.3905009666	1930.2948273694
213	373.6555835285	450.5675694637	1388.8111855163
213	380.6607361231	882.2459346951	1041.9709362422
213	354.4080198753	1344.613670649	1334.5614752674
213	338.5449541104	989.657358954	1417.7042877084
213	357.7610673679	685.1065629093	1509.3752146709
213	374.9302524543	1054.8191251549	1192.8885672359
213	412.4026294492	544.1223827898	1403.805609785
213	457.0986644578	1012.4988741169	930.9744219199
213	472.7196315084	1082.8457910888	970.6517726288
213	588.9490142905	401.0327767633	1379.9611806793
213	593.2877905938	982.3192005097	1211.2902340384
213	563.4368771676	1501.2580795928	1550.3412115085
213	574.7861289733	423.0721062462	1581.5799897038
213	614.5074873187	531.0542570622	1476.2089097435
213	611.4161855968	1090.6071092195	1419.363612172
213	597.2593475018	871.1935780883	1664.7907652632
213	632.0224919641	782.6681262325	1504.9794696811
213	611.9103156788	1184.4716700502	2012.2023747953
231	462.0556694443	352.9315658873	1150.0750776965
231	463.3635536996	1086.5515627595	997.714252385
231	449.6911197656	1550.9741683287	1111.7870834371
231	416.6198089796	1700.4159959521	1564.7683700279
231	472.1635998533	500.6259026303	962.9583880322
231	439.730847084	133.2849562094	1500.6198255535
231	449.012335317	463.4659721141	999.5518857285
231	426.3253523406	500.6885676207	1322.1685171333
231	451.0222856593	1094.1678662996	855.7085450826
231	385.9919951723	1641.7422434945	1695.8054053786
231	389.8063694389	1664.2368209983	1631.8322220611
231	438.6376020322	1466.1451192519	994.9168762663
231	442.9297600638	982.2365750645	1020.5752578035
231	393.6190644807	495.7072066375	1216.8806044359
231	395.2162246022	1385.4084448045	1031.9443155464
231	361.1706529315	1375.7713805631	1527.9910764089
231	387.5557462135	549.7823995488	1241.0301720884
231	387.4302506903	1017.0967390974	1090.3312027059
231	354.3922535625	1449.461323076	1491.3934505425
231	385.4635157985	566.8857109811	1137.6748591008
231	364.9508805871	690.6282147138	1183.2786803967
231	357.2471437761	603.6144995565	1310.9454107482
231	315.1608388585	1242.3365575883	1805.8608090331
231	334.4924520351	1362.5375199752	1503.3399088984
231	317.5229898887	1203.7835285147	1512.8259017977
231	331.6394482042	661.9637744174	1406.3772543974
231	307.7220360388	756.8831568182	1605.7465119357
231	312.1343353596	1167.8079697922	1466.9798613259
231	306.5684618694	877.0621195283	1474.5282615236
231	308.6583384162	1014.9181394277	1378.5859722569
231	640.4358186921	954.3087878225	1639.895038619
231	627.7728241341	1267.5361244194	1748.7826499197
231	631.9344016899	720.397636635	1787.8320865719
231	649.569504951	921.2300585408	1643.9224566384
231	638.2214965093	653.2640510274	1424.9914963384
231	614.8557670066	991.4506786692	1702.7473159496
231	632.8713483584	1187.2670529329	1405.5864973
231	612.6783401882	391.686635904	1690.2543770403
231	617.426151107	933.0585714678	1522.9012677822
231	626.94908108	1201.9718414913	1335.7530142892
231	632.2880060233	600.6717217672	1381.0682224851
231	610.6337412185	352.7847061826	1555.8513431828
231	592.724572303	516.9066089359	1786.0304043727
231	624.6587027251	1101.9967532451	1198.0046018804
231	619.7317839815	545.3969976048	1370.7265281178
231	602.7669189612	1376.7247791362	1497.427042928
231	619.6017340058	968.2443685875	1111.0681945483
231	618.625181504	831.533481538	1150.1004356142
231	596.7167162443	406.5941725715	1549.9393343246
231	606.807779613	1150.1702297123	1268.2488505654
231	612.1104629219	659.3810555999	1293.9993422053
231	581.1051410375	953.3529422907	1690.7097480076
231	560.3684789336	1700.0881766806	1815.4830458836
231	613.4037745967	910.0028112722	1090.0285339173
231	605.0833770412	396.3284325182	1304.2152563994
231	585.412708781	241.0766376232	1618.0310116896
231	601.8302606827	711.0491456251	1294.2297785347
231	575.7092114482	1585.512975176	1546.0233235978
231	593.5145538944	1295.1962251599	1133.1000266049
231	604.5145235495	889.8742671524	1047.0831902916
231	573.5544533034	315.4912654355	1353.2717486579
231	580.2503652312	570.4376703335	1061.0679853313
231	571.0706284868	1208.3194636582	1078.3781614219
231	563.7640439664	1440.6084158294	1142.2295483908
231	564.9674040129	1370.1961532669	1137.5593729305
231	561.8096222987	554.6002097019	1142.5043659922
231	533.9136768009	140.1094128333	1591.3399607089
231	559.5849152484	372.667429115	1194.3667874256
231	574.1389283922	855.9350513963	908.71715877
231	557.3007485124	1279.5115346291	1004.1106442012
231	549.761617765	1376.587713625	1014.8441032465
231	563.8068446801	982.7615654847	882.524393021
231	554.1021118756	299.2625025977	1147.6838894733
231	542.3222028512	229.8085089413	1331.3386599688
231	555.1692476136	828.7991346546	1035.9207658754
231	549.8208103758	919.4393396445	849.3624884911
231	538.7104605594	1307.5964421509	940.102464035
231	521.5110602113	1476.0450739394	1159.1900650585
231	544.8118176556	920.7106259233	921.855034057
231	521.7374852161	178.0928376885	1391.870463772
231	520.1301568635	227.0035128809	1181.103950044
231	536.8663514145	809.650331012	832.1922702498
231	527.4627351016	1261.2215719819	886.624136045
231	532.4640247052	948.1539430284	866.4238040125
231	521.7071166704	1070.6396629519	1004.8355770388
231	512.282089874	210.9678830189	1297.9623362757
231	510.4479305824	317.8987730487	1061.9241578251
231	516.1379405961	662.3985588558	916.6829833365
231	497.3917331536	1456.359173649	1044.5099820103
231	467.7384726087	1687.8932685686	1432.9415155154
231	493.726504633	320.8073155128	1304.1674258507
231	484.1935350461	77.9143709392	1459.7056553334
231	482.198481052	301.6706852792	1267.8235860107
231	503.9220040204	1033.697980019	819.3453988798
231	475.1334686265	1071.1287295094	829.6351935157
262	331.5918388809	457.9689284401	1493.7011117868
262	327.8812193938	1091.3033187624	1207.2232254503
262	282.5947174309	1406.5934134304	1807.4010169715
262	312.7147064087	997.6706875461	1444.4424918077
262	268.8078006322	1063.7010633959	1826.6782774306
262	299.6209013482	517.6436883693	1478.5878114775
262	309.3419355268	1340.4121602299	1506.2824946181
262	382.8481231542	230.7391986577	1234.2532332906
262	374.0625691069	562.7558879115	1220.2640604637
262	331.558316508	775.5174873708	1268.70313447
262	364.2642042087	880.3132743635	1122.0231399968
262	478.4769988039	1376.9712512845	862.937276296
262	401.1387366175	1503.5564257419	999.375042595
262	341.5922239632	1299.1565490168	1080.9976471796
262	407.3536954362	1218.8012899459	856.1205008226
262	467.2138624524	553.5337714412	1189.633972443
262	522.7314756605	1012.1227994261	859.7684552419
262	385.4297870921	1476.1830212189	1023.5131738991
262	300.6573033077	1520.4274496448	1749.6728917558
262	347.2604734545	758.4562459486	1211.5855408541
263	307.348471507	485.0934556458	1743.6168297989
263	269.1017208062	921.1727970953	1707.1873844036
263	310.1877966907	1528.502152516	1857.5601992278
263	285.6936103871	1367.2286482317	1888.5618897081
263	298.0298400126	547.3473452706	1851.7337728875
263	377.2234526121	1592.0749357482	1300.458017439
263	538.2378922313	822.7532079346	853.7482193346
263	452.8989359952	444.328253533	1202.7318632145
263	393.6033902511	1607.360353982	1167.8964133435
263	301.686462813	1294.6686611677	1581.9111490787
263	424.483301282	1029.7858333422	1168.3030598657
263	528.7280837342	947.439164422	784.8884697348
263	279.7643028864	1129.4311029267	1665.2647509382
263	504.7999697955	443.7065630169	952.6810070828
263	464.3228310061	458.9140897914	1057.6207645093
263	506.8976711755	930.6463421109	788.7888414172
263	393.9002185578	1495.207646616	1096.694295873
263	402.4153994831	500.2989233232	1148.3613892475
263	355.968328885	1059.7064984332	1132.0735025289
263	326.1973871879	1072.4664202562	1222.2109249562
263	365.5639539341	648.4321001943	1196.5133768673
263	361.1445708438	251.1191072425	1297.1820741311
263	291.8093927028	1301.521076234	1510.6605046294
263	373.2180093065	1500.2983671236	1220.2158718126
263	572.9342361072	198.2609554702	1237.8561162158
263	588.8415445542	934.4600489399	886.0795892862
263	548.3663463956	995.5127793409	965.2542452637
263	569.2282018606	765.6644219172	958.0956367287
263	569.2321720263	254.5915878193	1166.5980893924
263	277.8279165724	1083.4908181187	1577.7729207935
263	339.8953515588	1420.3121162721	1155.0305069367
263	295.1677040298	1021.0786443005	1296.1365175215
263	295.3377516414	582.286559038	1635.5211199103
263	312.5900925836	723.7232001656	1352.3410146042
263	326.6086571319	1628.7760753412	1736.1091868297
263	307.5805565749	1352.276285687	1504.8761647224
287	640.0442892186	556.671900383	1321.1587012333
287	621.7653073652	1502.8987213861	1160.7167884129
287	594.1729635596	1611.9457022329	1214.8938843058
287	666.9595462519	539.2180351897	1413.8083329435
287	649.5832719205	1170.9332437647	1202.7700852861
287	632.052995863	251.2814357378	1667.7847869601
287	588.8743021886	100.6818113889	1892.43970991
287	645.2396303564	419.8745753501	1419.8762788751
287	625.6377798227	1695.867041703	1503.1407455921
287	672.1305792208	415.0726967521	1889.5234956482
287	694.1035717562	1199.8018703865	1466.8877231593
287	650.2693894345	1605.5635411085	1640.5872538789
287	705.5896307951	799.1253113823	1787.9064640059
287	647.1915606243	818.8835695903	1994.4575866788
287	364.5794060714	156.6800955269	1325.6472069297
287	281.5743641256	550.4869366858	1506.62754244
287	403.3129934887	285.9497561121	1173.2927953925
287	361.0882132939	220.0487347286	1357.5543619812
287	411.1272932174	902.9873100648	983.0998391067
287	467.9196490749	394.1971956305	997.7272984217
287	303.2584644314	567.870064613	1528.7637465959
287	319.4771661878	1445.2941038531	1189.5674083501
287	412.5836393467	909.5357483297	1079.8144517834
287	500.9386309372	367.8072206278	990.1667169576
287	476.9109397777	1300.074838742	810.3464052896
287	527.7136564823	404.4603769165	1013.1378880836
287	443.3499950116	568.2278869807	1252.6496830342
287	432.0641616171	1605.1868030217	1010.6145222048
287	564.741354311	929.6676973564	815.9261044925
287	559.4636782063	456.5602754408	1041.3676590253
287	245.5518377277	1091.4326713069	1921.4711592183
287	283.5566227575	448.7042040286	2061.3037672167
287	253.8100117207	1282.6178587307	1903.4055114995
287	278.9016347287	1507.5621527014	1701.3585040063
287	394.4254916923	1653.5191977481	1212.1860677013
287	557.4017155484	1155.7723765747	828.4635195503
287	439.3734867105	1596.7889813834	1071.2866993584
287	338.0154933851	1585.8523389528	1449.4786449661
287	562.3329689702	170.4056492835	1239.3370706949
287	576.8171656573	428.3578049026	1099.3075685716
287	540.0958271757	1301.5210854545	854.4120569218
287	270.7404223874	1433.5496756861	1905.8930202688
287	599.5297469083	961.8899084688	899.9119639313
287	576.3967919064	1215.4391286306	874.7413053293
287	563.6721824765	1209.8883323311	924.0390633028
287	580.4032359895	289.9296389647	1262.9594746312
287	572.7388732187	431.2418214148	1229.6678599375
287	596.6845339365	298.3435964856	1199.3112658067
287	548.0316475487	42.1108875864	1490.1286123195
287	606.6054369605	216.2046269111	1338.4329986119
287	613.4199434295	1047.7239253724	951.2721131391
287	576.0656120814	1312.0222767668	955.1620187995
287	629.9399512212	219.5322231265	1493.521778704
287	632.2605280194	1242.9146311081	1039.3780167636
287	604.3585226245	1395.8094299074	1087.2631241514
310	703.046332684	619.2950264549	1875.5771221741
310	697.2228360847	1401.8634322201	1605.2598990123
310	712.5847614191	989.2134379403	1728.3356775114
310	679.2190781547	1602.8384664712	1714.6647653811
310	709.747251091	647.3578889016	2085.842084046
310	697.310600318	1357.7811685387	1451.5765956264
310	694.7449523301	1272.190449649	1356.0560319397
310	689.3522731657	358.9576343116	1773.5576629032
310	693.9251850617	1135.5444424479	1285.6605596772
310	626.6600084772	1635.3193059078	1308.8795144976
310	687.8779934132	482.2192955335	1585.4109484123
310	663.7164616125	1115.8464230322	1398.538931552
310	675.994894011	1137.7415509213	1182.8735707724
310	673.8114293246	352.9882206428	1532.6099417685
310	678.1407011053	604.913538564	1406.9681545275
310	625.3568351965	1589.5675853052	1172.706751687
310	658.8051028695	420.9160954855	1425.4073983315
310	673.3364539469	503.4053285159	1335.9531149212
310	656.7548719312	1182.6863780718	1101.2762163603
310	642.5593648802	375.682333651	1299.7571257304
310	611.3687966017	472.1793458022	1372.6554652024
310	622.5028251848	1277.8135563897	980.8510107138
310	622.7862980344	296.3131315492	1274.2516113291
310	570.4704183801	1458.9927468459	960.7513521047
310	559.303334863	1472.2595424321	996.1173410099
310	612.4762107667	371.6759793277	1279.4227602386
310	579.8913668152	227.3555800856	1180.1640161656
310	557.2041441567	171.5513077273	1288.0477321649
310	568.4669486888	1076.1021591643	852.6992285719
310	493.0982140779	1546.6332948943	925.5023945315
310	576.4718628394	807.5591849643	940.1341178366
310	295.6390631243	1648.5863398144	1608.6030858139
310	247.5219760804	1448.425909653	1873.0317977813
310	246.1986758006	1388.9182804265	1658.9775252132
310	233.9335716033	732.8052390347	1989.8456851143
310	294.3584950156	703.550421812	1779.9620188398
310	490.9580400009	1296.6184520083	797.4070456162
310	526.450044564	756.7135093347	901.7266971936
310	381.8028123038	1602.6588211486	1066.3101383187
310	238.3820438028	613.9341743068	1736.0698831057
310	286.4840168834	1361.6430764963	1233.2870619614
310	308.9565646741	1022.9611551741	1297.9587332931
310	298.86227606	253.157411986	1670.3314514295
310	443.0247673115	693.5491948271	935.7868167697
310	452.9057221321	862.5270248789	825.8075678148
310	384.0155491896	1350.9622857137	862.2826663662
310	379.9160662399	945.9746894448	1053.7231754532
310	406.5246199004	460.6627912136	1083.0561443893
310	266.9942842184	915.6094172231	1399.0335292962
310	312.0606926602	1253.3737254241	1081.2661788361
310	348.5800778069	1228.6059716635	957.5031903496
310	271.5216543946	386.3691721415	1605.7962054585
310	271.6228268306	540.180760421	1468.4975691214
310	281.2323917824	366.5539382904	1473.7156038766
310	365.7491389773	102.2303268089	1291.4141078435
336	341.2565881749	107.585586661	1379.3194728945
336	260.4662875472	553.6411316541	1482.7541333142
336	322.6710847694	1196.3340898518	1013.3788253601
336	248.6584128907	1161.7956298397	1350.0678393869
336	419.1231784572	550.6166789215	988.1453368313
336	395.1953862807	67.724681308	1286.5592456044
336	228.6466760379	523.0701470054	1795.178303941
336	371.9138342377	801.8382247332	1145.9644498896
336	385.210342241	1354.0692966707	856.5278954763
336	456.5391432581	561.3225263976	938.9058440462
336	442.1766181522	104.9010843526	1190.5531202452
336	356.726171601	359.6348205721	1394.4610333455
336	229.1083304494	550.7202621136	1891.0333004735
336	213.3338725644	1142.6981195339	1691.395696485
336	282.3404325683	1484.0477038347	1283.8653409635
336	420.4240773157	1380.5526609345	820.191319614
336	491.4522086926	793.9770271258	820.9028266872
336	370.8653504919	569.3987538439	1362.961430194
336	321.2502144616	88.7550051256	1755.035474908
336	233.0188471155	782.931760694	1859.4631411699
336	268.0473232235	1512.6082214802	1412.6981452679
336	342.2282598717	1385.0222311027	1194.9483265078
336	438.0234794165	1407.4356750636	832.2539789886
336	517.468678001	880.5684219027	799.2750455685
336	395.3242938876	637.1725567351	1355.2654181435
336	336.6874000094	51.6706036093	1840.2255343521
336	214.5368349898	1335.8777503894	1857.0180222357
336	260.8139805933	1589.1253731993	1576.2532865934
336	474.2319210162	1444.3407490291	862.3328142403
336	534.9722558859	1027.4031066434	801.4347979842
336	541.9319209118	859.513166073	848.8950126704
336	537.320161174	335.0549442889	1094.2419654041
336	515.1561671511	455.8114397289	990.407910932
336	269.2404564299	1854.2987045277	1847.1419644585
336	242.1976848572	1678.20921154	2023.4464531323
336	601.3214484038	1114.7772382282	924.6777325954
336	536.0981576409	1041.4325725784	828.4870235502
336	541.1583982221	199.1924627273	1160.2434720192
336	674.8234715027	294.758744261	1687.1483657011
336	689.4748353726	544.3827612609	1524.479243903
336	674.9630917464	1409.9543537425	1192.5986874946
336	657.1523709637	1507.0687756203	1215.9332577865
336	710.4839286593	775.5138329389	1337.9741447781
336	663.6839339645	1615.4459243655	1421.1864476565
336	714.8644626373	548.938437394	1696.9950366652
336	696.6049236144	1291.5302136762	1440.9338594486
363	574.1595382376	1669.9002703619	1067.0794239185
363	625.5443981424	491.4178180039	1199.0292309093
363	605.3834999295	1207.3332957564	961.5883806655
363	305.2393800161	1389.784897675	1987.9578649013
363	212.7703745405	1828.0689139462	2129.3393558779
363	514.4992601087	1765.1589183655	1045.0811858495
363	193.472195278	1643.3605409082	2111.5740477082
363	235.9142907054	1812.1682771672	1833.7395637199
363	583.308864306	313.4554561896	1206.4041708675
363	565.0074163873	1179.4027498194	843.1784696817
363	559.6265984309	841.3635101773	1010.1895666462
363	543.4322633552	65.1958147488	1407.8074377016
363	195.0392733424	1581.1124615661	2031.3304923349
363	229.9263138535	1767.3162495565	1785.0423455984
363	272.0224634222	1832.8388693945	1601.4194496804
363	572.7728431736	874.9279879578	910.4614925762
363	569.0755975455	512.7738863222	1081.7697857721
363	545.0312511979	127.3097724266	1326.9057704584
363	551.7422092375	608.8579513101	1092.5084050933
363	562.5447673491	262.5392427994	1166.8212266442
363	486.3962811519	1480.1586422404	922.8481488906
363	559.4533386166	764.6451066813	965.2303736041
363	190.265912762	1515.1294350258	1998.6449782154
363	263.2384287927	1778.2700621901	1598.290863906
363	172.7600938383	1257.4648691696	2090.6869280273
363	562.5441669081	726.1865900397	885.9435683203
363	374.0674797418	1779.5077832116	1121.7122762558
363	269.8925157257	1766.3201542461	1505.6198246554
363	269.483606316	1004.1576882198	1838.9818999681
363	181.1853703362	1094.0844402614	1975.6019700335
363	214.9826384506	1474.6289989214	1685.3896877296
363	236.4604322295	1649.2821358609	1530.2134756555
363	284.7765765899	1581.7539492354	1381.6065212606
363	376.4467806021	789.5640420801	1388.7988288922
363	529.813162965	883.1747751966	782.9966673995
363	280.9186364744	271.4331669958	1766.0252645295
363	283.2960040558	1492.6695839039	1225.5240371772
363	202.7772687137	634.7076608792	1895.7445033876
363	269.3397075799	571.6473734221	1677.9679322921
363	433.3529955453	1204.0558144581	803.9831047794
363	338.7930953338	959.0105603096	1239.31258585
363	405.7922892164	1019.4996952487	909.7020456485
363	251.5875235194	1424.3381750443	1295.9187241599
363	466.0147486251	338.5336068277	978.6849736562
363	285.9339516076	349.3082474666	1637.4594298932
363	354.4330533138	904.6064286145	1143.3062791326
363	204.6919940859	1014.1095863142	1616.2769314614
363	359.1924382448	872.1015318329	1108.8880960244
363	310.2495976132	126.676091909	1613.7746489364
363	304.2425215837	1059.53124052	1229.7289470914
363	385.0106638396	975.4606004237	968.7629442327
363	461.5002546034	477.0164508108	903.9839367687
363	246.0660791693	401.9994408979	1645.7198072971
363	228.1566393525	1059.5399340676	1425.4012160995
363	401.1277433176	390.8763000723	1079.2742774487
363	277.2685433993	1177.5948339688	1193.0571576886
363	298.0961343535	283.7627652954	1505.5089527712
363	341.9852697011	286.2879008137	1260.8869298965
363	277.0109295289	386.3172764861	1456.7156938124
363	708.2263692	1601.1278798688	1415.6749304044
363	730.1796455324	469.7235174238	1827.4214947427
363	735.0076199173	678.8313495841	1718.5856489893
363	711.8279659143	1190.8267257923	1581.0561927279
363	660.1953391688	1577.1100200741	1168.5822901362
363	694.3675728236	628.1550052621	1455.8701026468
363	670.4105346695	708.80324675	1509.0189430402
363	687.4089182096	1255.7379319186	1208.2498042341
363	632.1437677942	36.0530789911	1942.9282139164
363	614.7445995718	1466.3642970086	1006.1754254178
363	652.848530912	517.4919537427	1278.9418145931
363	634.4129118371	385.5208944506	1404.3255035106
387	370.4280037344	870.4198775149	972.29480809
387	431.0678203655	344.7909729849	994.6761536376
387	369.8103005666	621.320801169	1139.4614062126
387	238.2736091678	1201.180067259	1371.5994617587
387	275.5958618916	239.4494718746	1678.2378288254
387	458.8412344798	800.0016225755	759.0410433509
387	354.4142720697	1117.619244545	1005.4830527839
387	316.9197583273	374.9205842493	1467.0036282837
387	188.9310186188	1262.2522633703	1625.5513026019
387	252.2285401806	1437.9623164069	1315.8398202152
387	405.191144152	1270.706210754	825.1101327568
387	412.5485337789	819.4640985703	994.4802789485
387	333.913990192	122.7865754013	1584.7120428199
387	177.8587227164	1417.1035296148	1731.5303757959
387	515.5691481738	827.1958527985	744.1682870418
387	508.6220277374	540.6205615855	894.5419829725
387	219.9177706559	307.0758339979	2059.8942124615
387	395.066830876	563.093408194	1303.1247623016
387	320.3547510149	1642.7794091066	1108.2746109038
387	212.6214572892	1403.962640997	1538.6396109524
387	183.8950796745	1289.1775935423	1694.454194698
387	508.329496473	520.3498517149	833.9086219536
387	463.9612201092	1093.6583671942	764.6761202023
387	276.1427616269	1550.3398603109	1257.8044956422
387	192.3442164927	692.9209788454	1824.1911092662
387	352.2067330614	797.5755857821	1155.7889185424
387	278.5753270731	1044.8293547353	1310.9447264588
387	368.7978996145	711.3030496238	1036.2961427093
387	306.3096451752	1224.4252165449	1043.0994766013
387	237.2493234795	538.2421217414	1596.3093217732
387	254.4218227038	371.0659452467	1563.5095837115
387	273.6784183581	1111.2502125479	1170.2771817121
387	287.4111015192	330.2486423225	1360.9884757962
387	328.778158003	1123.6336335343	944.9541409481
387	302.9178750401	176.9678281526	1452.4210676712
387	399.6725646276	570.5561685941	924.5773528006
387	212.7564055661	1023.0157798619	1486.7569360732
387	297.3071803272	1070.9632425993	1154.3722870561
410	274.8722176225	323.2371206203	1410.2379901911
410	388.5874743691	648.8866128667	897.4538060698
410	280.7027617669	326.8047274075	1435.1686567462
410	266.5610621036	1258.8120140704	1146.3565338954
410	424.0247848883	390.9377938723	944.1018444208
410	335.6730897262	873.5058794552	1059.4966674923
410	223.6765946472	1212.4531301415	1403.5413904488
410	225.2259690124	323.5429634435	1784.8762368136
410	450.1871316915	527.512871316	867.2479002809
410	296.9910193081	1063.4567344533	1257.5577019162
410	175.4401147312	1221.6066816051	1636.5232186926
410	426.8831020273	461.5372656751	1043.9056172912
410	435.8220995492	1045.9484838728	756.5116401466
410	180.7592040442	656.4895765569	1865.8071662133
410	379.4935301995	560.1813749452	1006.2611306151
432	425.096010687	490.9562125092	902.8795342265
432	642.8984923149	1655.6338015066	1107.8389818872
432	573.3258760956	1191.2781454064	893.5507617521
432	462.5927869095	1094.4425187792	857.1415372696
432	542.6947076456	1126.9565159234	857.9915728907
432	369.6743016435	309.6844119841	1193.9085379194
432	572.2893524066	880.9284135577	850.4649607643
432	408.5197122511	536.6849633713	974.3117434056
432	396.0752417498	320.747700852	1069.5255885803
438	138.9420596718	1413.1387846976	1894.2971458763
438	160.833000112	1807.3656943487	1853.4867997521
438	368.8095598078	1530.9512547431	967.38494201
438	170.9706119761	1133.5012941252	1552.1973424756
438	186.6402602779	1610.9577477263	1555.2996220672
438	265.3122168587	1581.0464926043	1225.9802347668
438	265.1781007659	1316.4038767171	1150.34381181
438	391.260105348	1246.1866972541	853.5746132679
438	325.1549621989	1783.6573661816	1092.0978634175
438	149.7128580542	1873.5683870093	2096.5657633566
438	246.45382405	411.9464934841	1497.4862155045
438	340.0286507001	862.9662144032	1179.4776382086
445	178.9060490084	1081.0706449006	1517.6315946108
445	763.6509050597	1028.3571601947	1580.0804724541
445	767.7589814494	1526.2091293392	1597.9954412146
445	773.2561564195	1468.7415357534	1892.1995580108
445	613.0781153901	1612.0075125122	1021.8626338824
445	776.4700079518	345.2921049963	2134.6296488841
445	798.3590496534	699.6102915502	2008.7858773736
445	778.4625713886	1314.1706903648	1631.7872259255
445	710.9944600094	1206.1044325692	1503.4097715874
445	423.3956382362	514.9029222669	932.5528164445
445	284.7757303502	1840.5139218045	1226.5444637916
445	286.7996350351	1233.2034630633	2026.5601465943
449	365.4029820257	602.1670590313	977.1892424625
449	377.5175625014	548.4653880559	1003.8206981974
449	362.7802597836	422.0552117814	1095.7925193622
449	316.8825751963	158.1148547436	1420.7020198765
449	386.4329301683	1477.149597198	928.7126797198
449	333.2714890825	749.7462892199	1304.8783397109
449	404.5522524999	904.9476123796	829.4460972233
449	186.241391758	662.8221621657	1706.2256448103
449	191.1613764953	1747.782169817	1519.1932309384
449	148.5785574127	1163.8009238247	1713.0805776206
449	201.4203356128	1720.4437498033	1614.0864589538
462	632.3320718457	505.0410360867	1247.6685668768
462	681.0157710567	557.8914897425	1321.2020932396
462	679.0740336969	903.4898910191	1352.9175832643
462	746.264971881	1815.4354802848	1475.1667551144
462	371.0340100325	1480.7867248105	921.1942833585
462	306.4790745978	1179.7778534092	998.4493326758
462	377.8107361511	436.6726239327	1013.3354102991
462	376.5723265914	502.7984233872	1018.1881674036
462	520.0633463897	183.3585688522	1183.8711442781
462	629.2398287969	439.6371211815	1362.5023813611
462	697.9365928606	529.9936423973	1467.8367887404
462	391.8583089902	572.6244896272	893.487513679
462	676.4313108148	1654.3035021187	1171.2932719023
462	150.3344996714	1280.1636352645	1620.276035602
462	148.7261457789	719.5390094483	1865.5747523337
462	376.6075002826	735.2727353289	961.298798668
462	752.1737184437	1012.7716430099	1468.8690935144
462	438.2480892795	912.9526243562	775.8296416387
462	323.8197412828	847.107025762	1148.7798622089
462	462.2618449404	350.9246669297	993.8289309078
462	544.5525595029	401.8276732753	1114.2940758939
462	588.8988064474	537.6312739112	1190.0115216398
467	524.9009019068	772.495889626	873.541450439
467	429.9996851442	1729.6529058556	902.0629971465
467	759.1828351889	1589.2503251097	1447.9413944672
467	746.3039757152	811.4043009745	1753.0688557974
467	775.0566863408	424.0264123874	1952.5885973237
467	762.1723494196	693.5888704251	1823.3845282562
467	332.6824534806	458.4857669101	1214.2018948447
467	334.786831269	1105.7276728564	946.8620970269
467	543.680877907	1186.4416875195	850.5417984869
471	106.1217459033	1394.8972087733	1914.1335420733
471	130.2166831952	1483.3207019757	1742.2125622906
471	263.122012208	1376.9484975346	1155.9260002628
471	333.7481326036	849.1245133529	1075.4922352714
471	95.6150586685	1394.6125415087	2054.4482435471
471	179.6810138299	1592.7860644845	1599.6208383733
471	121.8462358575	1569.6768810857	1786.2484805344
471	275.689826271	1276.0573817861	1113.4430427463
471	179.9337188562	1201.2557088015	1665.2005607729
471	454.3221710904	448.3851128581	879.0205193957
471	461.4671158837	732.0855070125	998.2080830536
471	503.303214273	1650.4225477629	829.6661712147
471	515.2338805308	512.8917371267	953.8184175983
471	503.1172175274	151.2665942165	1224.0948047163
471	574.3604548314	469.0276024831	1121.3949434451
471	580.8446124374	1632.8942599596	939.7272060924
471	608.6304898128	864.1703605012	1063.6968025828
471	606.7555334693	697.3498368526	1079.2998016718
471	628.5978213237	229.7863203301	1422.1004963867
471	646.5904621951	28.1097423491	1664.5621724969
471	631.6212156877	1232.7200770728	1237.2525009058
471	662.9978625358	1726.792826696	1126.0955876178
471	663.7439378207	541.270006888	1392.2738916451
471	693.3173942696	38.5993012763	1822.3035611412
471	721.5499745926	501.8128692903	2033.1157762419
471	721.5757227103	827.9258963902	1360.0627956122
471	752.8363551022	698.8958115362	1733.1543812369
471	756.8727855184	1812.1937474941	1535.4742166212
471	800.8951281152	1472.3766340046	2095.2769632638
471	776.9310858388	342.2824429088	2076.6745017824
471	770.9110371066	716.9633801085	1682.0201853027
471	784.6072909039	1005.8953926866	1770.3177095154
471	823.3715918394	1699.7585111616	2047.1821174319
471	806.5226754802	525.0917086346	2116.8059312512
471	803.267710137	1124.8929487936	1749.583781615
471	833.3669547379	1062.424897571	2095.3749060729
471	831.4451981317	1616.8423771782	1953.5356544175
481	727.4412686288	620.6155530824	1470.6195697347
481	717.3767230509	1216.314219794	1209.9917947345
481	624.7588750087	1514.2909385254	961.1672111936
481	370.8853145494	513.2778976063	1032.8934422713
481	372.4632125863	335.2190017287	1108.862394576
481	410.1164684995	588.030991354	1054.9553276318
481	561.5197457782	369.6222528073	1350.2920257822
481	631.9870986112	894.1376980076	1150.8255456226
481	605.7585875356	1635.6630842609	915.2846090431
481	616.9859392904	872.0828799277	1041.8979248743
481	570.1687096599	470.5715981653	1030.7322039584
481	410.6401656614	1099.7597415994	806.5061858042
481	498.8109476427	576.2457435779	1011.9790868887
481	616.6112580336	1840.1031432225	996.7437451583
481	719.3970918076	1393.5565198133	1212.6745009388
481	674.6128297319	584.5522464772	1263.2399534436
481	553.287857402	523.4018780767	1045.6862010418
481	365.4936911079	696.5501215615	970.9432864521
481	350.9040670586	833.4387945534	995.3099902448
481	749.1044153072	1257.6530452702	1316.6290961054
481	710.6000768575	541.3956712166	1561.5598841144
481	750.3819278047	552.2372868384	1610.8684596072
492	626.7181966312	986.3490039442	1053.1607406515
492	645.0484720847	542.1995557931	1352.1056535879
492	664.1146370744	46.0366021878	1670.4894435109
492	710.0082251513	555.211693338	2066.222492803
492	584.5823804144	502.5606903654	1123.6507572724
492	587.9380136227	1639.1362714069	913.3920579683
492	589.2902368252	975.3017772484	1072.7522476615
492	564.5034738687	434.8715649384	1163.4612948467
492	583.7993793849	441.0443738422	1375.0833336459
492	793.7942732711	815.0953774957	1712.4325484071
492	798.6669332462	1658.1317475767	1582.7847318188
492	693.8352648169	900.1269401851	1198.822659691
492	727.5151696443	264.113618911	1708.9238200424
492	771.6658335974	720.1032672472	2096.9925563903
492	715.8103229238	1765.2612196388	1253.1226170172
492	728.3002823504	1015.981811865	1553.9987648058
503	844.9195110975	1320.7209038991	1960.1476065551
503	845.1704934602	1612.8835425679	1899.3494045437
503	253.6110353131	1228.6552027497	1242.6285503078
503	646.8313054277	612.9839411534	1293.2745985676
503	627.2573065541	1357.4391761998	915.2629381462
503	671.4533816833	556.9774406774	1364.9414430017
503	661.8997674834	330.4777448557	1308.7814997354
503	671.1365155167	1045.780051317	1255.091421416
503	690.5435525311	81.4754108602	1679.094812555
503	705.8567092947	1099.3830502964	1190.6186505029
503	728.3667122803	673.4343656901	1531.7343019612
503	750.1419048773	224.2762476441	1869.7898645628
503	764.9375058313	1383.2225846339	1780.9244449931
503	723.5811014426	1809.1108559473	1231.8179185462
503	780.5430913024	1115.241782768	1546.7722992223
503	795.2922331085	1701.1404689781	1582.0768423935
503	830.3381812479	1555.4628916874	2000.5683450276
503	816.8612176163	1226.8103765208	1923.3334018776
503	794.4683475934	687.4468427135	1793.5414976667
503	803.5538475599	511.0585246673	1932.1946381415
503	813.1740228268	1176.8607269634	1715.6603905707
503	837.651162419	844.7651524234	2058.0665428135
503	843.1920109461	1272.9134901109	2026.0640168403
503	855.59160729	1740.4412721672	2061.1920275298
513	198.5161915776	223.3612576752	1883.9539473229
513	188.0951402172	1011.9161147179	1478.5005816673
513	101.0795220465	1574.9483285271	1912.4649030631
513	170.4043412173	567.235386281	1707.9776994477
513	122.5722516119	701.5288963716	1922.9637040477
513	137.8145229219	1567.7582321934	1620.3099250211
513	468.2491878806	961.1965008643	804.5706566722
513	91.9605863813	1478.5888745299	1932.2400900481
513	138.8698177912	779.5763089371	1856.2959336278
513	698.0454444249	99.7694364962	1659.6949577353
513	160.4560535141	410.2777778592	1927.1516560127
513	109.0414122122	1324.3614477979	1782.2651993036
513	317.5385947344	911.2408234067	1158.8530714756
513	96.3474627982	1632.2853817997	2048.1347589703
